Height distribution;Height distribution;
z;ρ;
[m];[m<sup>-1</sup>];
3.233394e-09;18292750;
3.3297478e-09;19281547;
3.4261017e-09;29169520;
3.5224555e-09;50923060;
3.6188093e-09;87508559;
3.7151631e-09;1.2261086e+08;
3.8115169e-09;1.468364e+08;
3.9078707e-09;1.6611794e+08;
4.0042246e-09;1.7699471e+08;
4.1005784e-09;1.6710674e+08;
4.1969322e-09;1.6611794e+08;
4.293286e-09;1.433756e+08;
4.3896398e-09;1.1865567e+08;
4.4859936e-09;1.102509e+08;
4.5823474e-09;85036566;
4.6787013e-09;80586978;
4.7750551e-09;67732613;
4.8714089e-09;61305431;
4.9677627e-09;50428661;
5.0641165e-09;48451066;
5.1604703e-09;41529485;
5.2568242e-09;36091100;
5.353178e-09;40540688;
5.4495318e-09;47956668;
5.5458856e-09;45484675;
5.6422394e-09;46967870;
5.7385932e-09;41035087;
5.8349471e-09;58339039;
5.9313009e-09;58833438;
6.0276547e-09;59822235;
6.1240085e-09;53395053;
6.2203623e-09;54878249;
6.3167161e-09;55867046;
6.4130699e-09;55867046;
6.5094238e-09;49439864;
6.6057776e-09;48451066;
6.7021314e-09;40540688;
6.7984852e-09;47462269;
6.894839e-09;42023884;
6.9911928e-09;53889451;
7.0875467e-09;49439864;
7.1839005e-09;63283026;
7.2802543e-09;61305431;
7.3766081e-09;55867046;
7.4729619e-09;70204606;
7.5693157e-09;74159796;
7.6656695e-09;93441342;
7.7620234e-09;1.3595963e+08;
7.8583772e-09;1.3694842e+08;
7.954731e-09;1.9034348e+08;
8.0510848e-09;2.2099619e+08;
8.1474386e-09;2.4769372e+08;
8.2437924e-09;2.7735764e+08;
8.3401463e-09;2.9812238e+08;
8.4365001e-09;3.1196554e+08;
8.5328539e-09;3.0356076e+08;
8.6292077e-09;3.1690953e+08;
8.7255615e-09;3.4014626e+08;
8.8219153e-09;3.3273028e+08;
8.9182692e-09;3.6585499e+08;
9.014623e-09;3.5646142e+08;
9.1109768e-09;3.2877509e+08;
9.2073306e-09;3.1789832e+08;
9.3036844e-09;2.7290805e+08;
9.4000382e-09;2.3681695e+08;
9.496392e-09;1.9874825e+08;
9.5927459e-09;1.7748911e+08;
9.6890997e-09;1.4881399e+08;
9.7854535e-09;1.2903804e+08;
9.8818073e-09;1.1321729e+08;
9.9781611e-09;97890930;
1.0074515e-08;81575775;
1.0170869e-08;73170998;
1.0267223e-08;67732613;
1.0363576e-08;69710208;
1.045993e-08;60811032;
1.0556284e-08;75148593;
1.0652638e-08;58833438;
1.0748992e-08;57350242;
1.0845345e-08;58339039;
1.0941699e-08;36585499;
1.1038053e-08;46473472;
1.1134407e-08;45979073;
1.1230761e-08;39551891;
1.1327115e-08;38068695;
1.1423468e-08;39551891;
1.1519822e-08;34113506;
1.1616176e-08;38563094;
1.171253e-08;34113506;
1.1808884e-08;41035087;
1.1905237e-08;30652715;
1.2001591e-08;29169520;
1.2097945e-08;26697526;
1.2194299e-08;24719932;
1.2290653e-08;26697526;
1.2387007e-08;24225533;
